Matriz 2048x2048
warp (16x32)
média 10 execuções

Tempos CPU - OPENMP
25.370904
25.343057
25.178431
25.429293
25.283268
25.282530
25.316600
25.301738
25.378979
25.349551

Tempos CPU - MPI
28.567794
28.550151
28.654841
28.476356
28.742874
28.864809
28.609901
28.408989
28.760288
28.835012

Tempos GPU GLOBAL 16
1.185279
1.185147
1.183804
1.185081
1.184303
1.185312
1.184662
1.184771
1.184558
1.184776

Tempos GPU GLOBAL 32

0.794266
0.794450
0.794859
0.794787
0.794192
0.794449
0.793999
0.795005
0.794273
0.794699

Tempos GPU SHARED 16

0.577268
0.577614
0.577849
0.577703
0.577146
0.578610
0.577716
0.577379
0.577694
0.577364

Tempos GPU SHARED 32

0.599477
0.599505
0.599473
0.599348
0.599448
0.599475
0.599457
0.599525
0.599640
0.599400

Tempo MPI + GPU Global 32

3.177162
3.163098
3.164957
3.163505
3.162701
3.162073
3.162048
3.161567
3.163792
3.162192

Tempos MPI + GPU Global 16

2.707295
2.687016
2.685787
2.686443
2.687014
2.689869
2.691961
2.683336
2.686368
2.688277

Tempos MPI + GPU Compartilhada 32

1.448849
1.439413
1.438491
1.438437
1.439561
1.439061
1.439302
1.438124
1.439298
1.438490

Tempos MPI + GPU Compartilhada 16

1.280129
1.257702
1.259945
1.258361
1.258460
1.258883
1.258616
1.258981
1.258547
1.258555





